BASIC_V0: 108.000000
STAMP_V0: 66.000000
MEASUREMENT_V0: 108.0000

BASIC_V1: 0.000000
STAMP_V1: 0
MEASUREMENT_V1: 0

BASIC_V2: 94.000000
STAMP_V2: 66.000000
MEASUREMENT_V2: 94.0000

BASIC_V3: 0.000000
STAMP_V3: 0
MEASUREMENT_V3: 0

BASIC_V4: 0.000000
STAMP_V4: 0
MEASUREMENT_V4: 0

BASIC_V5: 0.000000
STAMP_V5: 0
MEASUREMENT_V5: 0

BASIC_V6: 0.000000
STAMP_V6: 0
MEASUREMENT_V6: 0

