BASIC_V0: 300.000000
STAMP_V0: 100.000000
MEASUREMENT_V0: 340.0000

BASIC_V1: 13.000000
STAMP_V1: -13.000000
MEASUREMENT_V1: 13.0000

BASIC_V2: 233.000000
STAMP_V2: -233.000000
MEASUREMENT_V2: 251.0000

BASIC_V3: 0.000000
STAMP_V3: 0
MEASUREMENT_V3: 0

BASIC_V4: 0.000000
STAMP_V4: 0
MEASUREMENT_V4: 0

BASIC_V5: 0.000000
STAMP_V5: 1.000000
MEASUREMENT_V5: 0

BASIC_V6: 233.000000
STAMP_V6: 109.000000
MEASUREMENT_V6: 251.0000

