BASIC_V0: 300.000000
STAMP_V0: 140.000000
MEASUREMENT_V0: 360.0000

BASIC_V1: 77.000000
STAMP_V1: 64.000000
MEASUREMENT_V1: 86.0000

BASIC_V2: 2.000000
STAMP_V2: 2.000000
MEASUREMENT_V2: 2.0000

BASIC_V3: 234.000000
STAMP_V3: 98.000000
MEASUREMENT_V3: 261.0000

BASIC_V4: 0.000000
STAMP_V4: 0
MEASUREMENT_V4: 0

BASIC_V5: 0.000000
STAMP_V5: 0
MEASUREMENT_V5: 0

BASIC_V6: 0.000000
STAMP_V6: 0
MEASUREMENT_V6: 1.5000

