BASIC_V0: 320.000000
STAMP_V0: 160.000000
MEASUREMENT_V0: 320.0000

BASIC_V1: 101.000000
STAMP_V1: 57.000000
MEASUREMENT_V1: 101.0000

BASIC_V2: 13.000000
STAMP_V2: 7.000000
MEASUREMENT_V2: 13.0000

BASIC_V3: 244.000000
STAMP_V3: 113.000000
MEASUREMENT_V3: 244.0000

BASIC_V4: 0.000000
STAMP_V4: 0
MEASUREMENT_V4: 0

BASIC_V5: 0.000000
STAMP_V5: 0
MEASUREMENT_V5: 0

BASIC_V6: 244.000000
STAMP_V6: 113.000000
MEASUREMENT_V6: 244.0000

