BASIC_V0: 260.000000
STAMP_V0: 100.000000
MEASUREMENT_V0: 290.0000

BASIC_V1: 103.000000
STAMP_V1: 71.000000
MEASUREMENT_V1: 103.0000

BASIC_V2: 4.000000
STAMP_V2: 2.000000
MEASUREMENT_V2: 4.0000

BASIC_V3: 240.000000
STAMP_V3: 94.000000
MEASUREMENT_V3: 261.5000

BASIC_V4: 0.000000
STAMP_V4: 0
MEASUREMENT_V4: 0

BASIC_V5: 0.000000
STAMP_V5: 0
MEASUREMENT_V5: 0

BASIC_V6: 0.000000
STAMP_V6: 0
MEASUREMENT_V6: 1.5000

