BASIC_V0: 140.000000
STAMP_V0: 140.000000
MEASUREMENT_V0: 190.0000

BASIC_V1: 42.000000
STAMP_V1: 71.000000
MEASUREMENT_V1: 51.0000

BASIC_V2: 0.000000
STAMP_V2: 0
MEASUREMENT_V2: 0

BASIC_V3: 0.000000
STAMP_V3: 0
MEASUREMENT_V3: 0

BASIC_V4: 0.000000
STAMP_V4: 0
MEASUREMENT_V4: 0

BASIC_V5: 0.000000
STAMP_V5: 0
MEASUREMENT_V5: 0

BASIC_V6: 0.000000
STAMP_V6: 0
MEASUREMENT_V6: 0

